Total unique configurations: 8
Time spent: 0:00:00.097562
Combination: ('R', 'N', 'N', 'R', 'N', 'N')
[(0, 0), (1, 1), (3, 1), (2, 2), (1, 3), (3, 3)]
[(1, 0), (0, 1), (2, 1), (3, 2), (0, 3), (2, 3)]
[(2, 0), (1, 1), (3, 1), (0, 2), (1, 3), (3, 3)]
[(3, 0), (0, 1), (2, 1), (1, 2), (0, 3), (2, 3)]
Combination: ('N', 'N', 'R', 'N', 'N', 'R')
[(0, 0), (2, 0), (1, 1), (0, 2), (2, 2), (3, 3)]
[(0, 0), (2, 0), (3, 1), (0, 2), (2, 2), (1, 3)]
[(1, 0), (3, 0), (0, 1), (1, 2), (3, 2), (2, 3)]
[(1, 0), (3, 0), (2, 1), (1, 2), (3, 2), (0, 3)]
